Point(1) = {-1.221798, -1.556537, 0.000000, 1.000000};
Point(2) = {-1.372430, -1.372430, 0.000000, 1.000000};
Point(3) = {-1.405904, -1.305482, 0.000000, 1.000000};
Point(4) = {-1.422641, -1.238535, 0.000000, 1.000000};
Point(5) = {-1.456115, -1.171587, 0.000000, 1.000000};
Point(6) = {-1.489589, -1.037691, 0.000000, 1.000000};
Point(7) = {-1.523063, -0.970743, 0.000000, 1.000000};
Point(8) = {-1.573274, -0.769900, 0.000000, 1.000000};
Point(9) = {-1.573274, -0.702952, 0.000000, 1.000000};
Point(10) = {-1.556537, -0.636004, 0.000000, 1.000000};
Point(11) = {-1.523063, -0.569056, 0.000000, 1.000000};
Point(12) = {-1.472852, -0.502109, 0.000000, 1.000000};
Point(13) = {-1.338956, -0.401687, 0.000000, 1.000000};
Point(14) = {-1.138113, -0.301265, 0.000000, 1.000000};
Point(15) = {-1.071165, -0.284528, 0.000000, 1.000000};
Point(16) = {-1.004217, -0.251054, 0.000000, 1.000000};
Point(17) = {-0.937269, -0.234317, 0.000000, 1.000000};
Point(18) = {-0.803374, -0.167370, 0.000000, 1.000000};
Point(19) = {-0.736426, -0.150633, 0.000000, 1.000000};
Point(20) = {-0.669478, -0.117159, 0.000000, 1.000000};
Point(21) = {-0.602530, -0.100422, 0.000000, 1.000000};
Point(22) = {1.338956, 0.870322, 0.000000, 1.000000};
Point(23) = {1.405904, 0.920532, 0.000000, 1.000000};
Point(24) = {1.472852, 0.954006, 0.000000, 1.000000};
Point(25) = {1.539800, 1.004217, 0.000000, 1.000000};
Point(26) = {1.606747, 1.037691, 0.000000, 1.000000};
Point(27) = {1.673695, 1.054428, 0.000000, 1.000000};
Point(28) = {1.740643, 1.054428, 0.000000, 1.000000};
Point(29) = {1.874539, 1.020954, 0.000000, 1.000000};
Point(30) = {1.991697, 0.954006, 0.000000, 1.000000};
Point(31) = {2.092119, 0.836848, 0.000000, 1.000000};
Point(32) = {2.125593, 0.769900, 0.000000, 1.000000};
Point(33) = {2.175804, 0.702952, 0.000000, 1.000000};
Point(34) = {2.276226, 0.502109, 0.000000, 1.000000};
Point(35) = {2.292963, 0.435161, 0.000000, 1.000000};
Point(36) = {2.326436, 0.368213, 0.000000, 1.000000};
Point(37) = {2.359910, 0.234317, 0.000000, 1.000000};
Point(38) = {2.393384, 0.167370, 0.000000, 1.000000};
Point(39) = {2.443595, -0.033474, 0.000000, 1.000000};
Point(40) = {2.443595, -0.100422, 0.000000, 1.000000};
Point(41) = {2.493806, -0.301265, 0.000000, 1.000000};
Point(42) = {2.493806, -0.368213, 0.000000, 1.000000};
Point(43) = {2.477069, -0.435161, 0.000000, 1.000000};
Point(44) = {2.443595, -0.502109, 0.000000, 1.000000};
Point(45) = {2.343173, -0.619267, 0.000000, 1.000000};
Point(46) = {2.209278, -0.686215, 0.000000, 1.000000};
Point(47) = {2.075382, -0.719689, 0.000000, 1.000000};
Point(48) = {2.008434, -0.753163, 0.000000, 1.000000};
Point(49) = {1.807591, -0.803374, 0.000000, 1.000000};
Point(50) = {1.606747, -0.803374, 0.000000, 1.000000};
Point(51) = {0.334739, -1.121376, 0.000000, 1.000000};
Point(52) = {0.267791, -1.154850, 0.000000, 1.000000};
Point(53) = {-0.133896, -1.255271, 0.000000, 1.000000};
Point(54) = {-0.200843, -1.288745, 0.000000, 1.000000};
Point(55) = {-0.267791, -1.305482, 0.000000, 1.000000};
Point(56) = {-0.669478, -1.506326, 0.000000, 1.000000};
Point(57) = {-0.736426, -1.523063, 0.000000, 1.000000};
Point(58) = {-0.803374, -1.556537, 0.000000, 1.000000};
Point(59) = {-1.004217, -1.606747, 0.000000, 1.000000};
Point(60) = {-1.121376, -1.606747, 0.000000, 1.000000};
Line(1) = {1, 2, 3, 4, 5, 6, 7, 8, 9, 10, 11, 12, 13, 14, 15, 16, 17, 18, 19, 20, 21, 22, 23, 24, 25, 26, 27, 28, 29, 30, 31, 32, 33, 34, 35, 36, 37, 38, 39, 40, 41, 42, 43, 44, 45, 46, 47, 48, 49, 50, 51, 52, 53, 54, 55, 56, 57, 58, 59, 60, 1};
Curve Loop(1) = {1};
Plane Surface(1) = {1};
